11111111 11111111 11111111 11111111 11111111 11111111 11111111 11111111 11111111 11111111 11111111 11111111 11111111 11111111 11111111 11111111 11111111 11111111 11111111 11111111 11111111 11111111 11111111 11111111 11111111 11111111 10000101 11110011 11111111 11111111 11001101 11110111
11111111 11111111 11111111 11111111 11111111 11111111 11111111 11111111 11111111 11111111 11111111 11111111 11111111 11111111 11001000 11110011 11111111 11111111 11111111 11111111 11111111 11111111 01001111 11100011 11111111 11111111 11011100 10111010 11111111 11111111 11011111 11100010
11111111 11111111 11111111 11111111 11111111 11111111 11101101 11111011 11111111 11111111 11001100 10111011 11111111 11111111 11001110 11110111 11111111 11111111 01011100 11110110 11111111 11111111 10011010 11110011 11111111 11111111 11111000 11110011 11111111 11111111 11111100 11110011
11111111 11111111 11001100 11111111 11001100 10110111 10001100 10010011 11000100 11110011 11001100 10110011 11111101 10100011 10001100 10110011 10000100 10110111 11001100 10101011 01001000 10110011 11011100 10110011 11001101 11110110 11101100 10110010 11101100 10110111 01101101 10110011
11011101 10110011 11101100 10110011 01101101 10000011 11011100 10110011 01101110 11110111 11001010 10110011 11101100 11100010 11011101 10010011 01101110 10110011 01101000 10111011 11011110 10111011 11011100 10100111 01111110 10110011 10000101 10110011 11110111 10101011 11001101 10110111
11001100 11111011 10101100 10110111 01001101 11010111 00101101 10110111 11001100 11010011 11001100 10110011 11001110 11111011 01101101 10110011 01001100 11110111 11001101 10110011 11001110 11101011 11011100 10110011 11111100 10010011 11101100 10110010 11001000 11110011 01101101 10110011
11111111 11111111 11001000 11110011 11101100 11101011 11101101 10111011 11001010 11110011 11001100 10111011 11101010 11001011 10001110 10010110 11000101 10011111 01011100 10010110 11101100 10110011 10010000 10110011 00000111 11101011 11111000 10110011 11111111 11110011 11111100 10110011
10000000 11110111 11001100 10101111 11111100 10110010 10001100 10010011 01001100 11100011 11001100 10110011 11001100 10100011 01101101 10110011 11010010 11110011 11001100 10101011 11011101 10110010 11011100 10110011 11001011 11010011 10101100 10110010 01111110 11010010 01101101 10110011
11101100 10110011 11001100 10110011 11001110 11100011 11100100 10110011 11001100 10111011 11001100 10110010 11001100 11100111 01011000 10110011 10000100 11111011 11001100 10010011 01111100 10100010 11101010 10110011 11001100 11110011 00111110 10101111 01001110 10110011 10111101 10101111
10001101 11110011 11000100 10110010 10101010 10110011 11010100 10010011 01001100 10110010 10110010 10101111 11001100 10100010 00110111 10111010 11001100 11111011 11111111 10101111 11101101 10100011 11111111 10111111 11001100 11110011 00110001 10001010 11011100 11110010 01101110 10111111
11001110 10110010 01111111 10101111 11011100 10101011 00111111 10111111 11111111 11111111 11111111 11111111 11111111 11111111 11111111 11111111 11111111 11111111 11111111 11111111 11111111 11111111 11111111 11111111 11111111 11111111 11111111 11111111 11111111 11111111 11111111 11111111
11111111 11111111 11111111 11111111 11111111 11111111 11111111 11111111 11111111 11111111 11111111 11111111 11111111 11111111 11111111 11111111 11111111 11111111 11111111 11111111 11111111 11111111 11111111 11111111 11111111 11111111 11111111 11111111 11111111 11111111 11111111 11111111
11111111 11111111 11111111 11111111 11111111 11111111 11111111 11111111 11111111 11111111 11111111 11111111 11111111 11111111 11111111 11111111 11111111 11111111 11111111 11111111 11111111 11111111 11111111 11111111 11111111 11111111 11111111 11111111 11111111 11111111 11111111 11111111
11111111 11111111 11111111 11111111 11111111 11111111 11111111 11111111 11111111 11111111 11111111 11111111 11111111 11111111 11111111 11111111 11111111 11111111 11111111 11111111 11111111 11111111 11111111 11111111 11111111 11111111 11111111 11111111 11111111 11111111 11111111 11111111
11111111 11111111 11111111 11111111 11111111 11111111 11111111 11111111 11111111 11111111 11111111 11111111 11111111 11111111 11111111 11111111 11111111 11111111 11111111 11111111 11111111 11111111 11111111 11111111 11111111 11111111 11111111 11111111 11111111 11111111 11111111 11111111
11111111 11111111 11111111 11111111 11111111 11111111 11111111 11111111 11111111 11111111 11111111 11111111 11111111 11111111 11111111 11111111 11111111 11111111 11111111 11111111 11111111 11111111 11111111 11111111 11111111 11111111 11111111 11111111 11111111 11111111 11111111
